500
3316
172 417 554 2866
332 18 707 8660
366 430 425 51
160 340 86 388
180 203 393 610
63 423 313 746
291 427 381 5401
96 215 541 960
222 429 747 271
147 316 944 994
298 390 943 7900
133 284 329 16
301 352 630 262
72 56 67 896
325 348 695 727
6 371 131 616
33 134 202 649
61 84 651 70
234 252 249 814
223 291 198 1375
292 477 648 437
88 451 183 9427
304 349 74 419
359 363 947 711
9 195 992 58
187 333 547 896
99 275 365 703
140 186 820 829
122 412 626 199
152 359 724 153
22 319 551 38
27 476 37 160
105 350 771 252
117 206 969 711
390 225 539 1732
51 147 432 375
465 235 231 3035
155 250 193 296
251 289 322 863
245 466 769 4604
57 480 333 596
1 84 131 522
294 336 92 528
433 446 178 616
11 485 800 923
302 417 409 618
91 489 418 727
71 154 467 507
399 480 313 107
199 205 30 190
195 438 860 726
344 496 974 8843
163 491 519 920
209 117 214 8096
63 317 447 179
430 465 503 341
10 390 724 328
101 321 787 801
37 389 97 419
104 131 793 589
24 48 813 165
148 348 58 523
122 306 361 94
233 401 147 450
305 24 733 1895
301 80 718 6374
7 198 122 364
161 478 738 608
92 340 985 427
237 306 411 253
170 377 85 743
154 429 293 486
129 379 13 93
51 391 340 926
110 491 872 94
241 10 686 6429
469 477 134 150
243 477 139 565
266 378 18 217
344 366 927 146
16 471 176 641
277 413 826 576
201 308 367 835
216 242 828 5
24 178 484 481
43 144 540 1743
425 465 557 912
129 452 849 588
314 449 785 646
116 255 727 245
403 442 232 921
174 179 357 957
371 293 73 365
438 122 366 7600
295 431 37 886
52 429 113 491
491 364 666 2803
288 488 891 724
8 71 653 6620
356 332 260 5463
227 399 466 800
94 191 710 51
290 374 966 629
57 496 268 493
281 318 402 163
294 194 192 3774
226 442 474 596
151 294 702 240
408 485 49 902
38 120 629 742
60 103 528 802
414 197 86 5657
364 463 262 991
286 396 454 2442
301 433 915 885
199 262 53 522
78 357 845 28
295 374 203 514
23 170 520 676
297 341 877 323
214 383 288 919
38 291 916 414
323 351 546 962
164 475 754 43
256 495 255 366
102 329 162 259
21 498 476 329
458 499 221 720
334 361 296 1365
19 395 588 81
375 184 621 9171
45 307 582 313
419 85 618 1050
373 446 960 572
127 50 123 8050
314 67 807 5744
218 337 491 967
23 56 492 367
9 24 703 958
463 493 275 452
14 165 157 383
93 295 200 3501
13 257 126 148
371 479 646 64
73 314 462 817
237 363 404 827
104 212 525 878
67 119 86 736
89 465 158 761
295 423 689 232
272 234 417 3742
105 4 179 6676
29 115 358 492
53 331 808 191
382 241 3 9044
192 490 261 479
289 399 660 673
307 360 80 367
315 384 607 381
11 46 152 223
26 37 288 158
321 386 940 279
254 392 582 841
101 394 965 850
367 411 461 698
231 339 118 825
318 332 672 319
0 19 475 981
118 464 358 579
101 283 885 9644
148 397 760 758
88 435 19 521
319 476 152 637
18 119 641 226
33 297 212 411
217 459 768 642
183 184 994 404
302 360 526 177
195 487 470 30
89 441 849 99
159 326 760 725
279 353 779 865
94 435 514 279
23 463 539 927
11 54 657 735
137 319 559 216
259 443 925 661
39 348 658 789
456 216 682 6672
185 120 478 711
97 178 23 7725
407 477 399 110
208 210 51 963
15 303 924 203
39 275 394 906
161 291 678 806
253 368 455 345
135 330 759 447
126 431 192 868
195 251 483 398
229 453 30 60
291 339 271 750
254 400 107 434
126 374 349 902
42 188 832 392
33 370 404 59
474 374 503 6941
180 441 369 3756
140 430 701 862
401 469 513 69
311 373 188 855
108 418 317 407
38 177 810 707
52 372 982 58
42 115 832 848
156 451 448 288
57 236 335 306
189 428 149 691
7 466 523 596
375 492 152 259
26 224 613 602
343 488 744 479
102 215 989 460
242 390 6 191
492 106 396 1056
209 356 848 495
25 159 289 199
39 462 786 645
201 381 593 200
414 436 940 325
427 448 799 8858
52 185 91 505
65 260 332 913
173 244 67 386
104 456 711 187
16 211 851 22
1 198 747 935
439 352 892 8035
61 247 304 632
327 370 992 496
239 279 284 40
24 365 409 427
187 219 150 539
48 337 517 69
80 436 957 457
385 330 929 1489
121 241 775 66
42 326 957 730
75 303 754 197
36 424 312 853
386 405 955 798
153 397 263 977
248 442 629 3450
99 218 692 629
70 439 529 434
232 312 341 246
86 495 549 77
207 286 377 380
123 214 48 256
426 446 237 756
140 357 333 934
25 86 885 243
119 195 809 873
36 164 444 11
166 345 858 4743
236 461 833 969
355 17 781 8861
214 432 962 624
162 323 398 329
357 447 38 377
242 276 454 786
107 380 539 655
63 260 889 688
160 413 885 884
20 167 840 259
286 288 22 932
96 101 170 573
354 363 140 280
51 261 893 962
172 269 953 330
346 412 889 212
30 430 827 494
200 408 700 203
0 393 576 639
23 243 577 181
186 366 276 3203
67 493 528 812
54 361 398 385
294 466 986 789
28 327 226 376
161 177 17 953
164 459 469 3
45 356 187 334
79 316 140 844
60 290 902 670
34 305 848 8464
153 210 217 145
244 379 30 40
177 263 37 500
277 179 170 6289
93 137 184 30
429 418 66 7941
42 250 781 7600
216 372 47 239
98 237 999 111
217 272 619 610
128 444 521 952
72 463 513 680
118 350 733 956
352 477 117 740
141 438 432 144
358 369 861 3929
366 422 441 724
231 412 818 581
390 497 144 242
118 293 822 526
134 395 804 818
439 440 447 459
176 192 13 97
206 335 740 748
296 378 323 129
379 397 417 955
245 257 287 320
83 327 907 431
192 327 45 741
392 464 39 807
104 318 349 785
86 251 102 829
51 472 557 720
487 281 261 6343
22 376 3 16
17 162 292 568
56 464 809 359
307 443 517 3323
428 452 58 81
69 295 948 566
29 229 273 673
255 430 57 872
97 115 12 549
344 423 182 915
51 464 493 44
265 408 755 6123
133 227 239 931
55 239 284 932
278 445 127 540
95 161 848 618
359 449 557 5060
158 303 403 9146
235 244 182 66
226 255 754 6
417 207 34 1888
37 462 153 727
79 422 449 412
238 395 911 871
69 482 789 718
60 209 465 392
328 459 250 611
61 434 318 494
42 245 502 497
324 340 918 334
127 168 943 936
148 161 192 651
5 95 775 277
101 378 85 869
72 333 103 539
3 73 110 959
165 313 905 7309
148 381 960 965
386 481 918 4186
198 254 569 501
237 470 229 5592
122 249 689 772
66 111 861 997
204 305 671 463
235 423 425 653
90 99 898 767
61 491 569 183
171 385 210 308
442 451 790 246
1 247 899 415
394 87 721 2753
27 232 821 729
63 374 95 746
236 331 697 119
206 465 188 251
243 290 288 182
112 179 55 870
240 474 147 615
201 438 666 873
259 370 53 505
430 441 786 833
319 362 302 593
268 481 445 613
10 447 181 546
392 355 842 843
14 27 935 646
30 123 205 3885
111 334 883 529
35 473 541 84
100 494 796 275
153 267 563 290
260 327 918 230
2 285 670 298
280 361 426 236
109 239 866 601
115 403 514 196
18 62 414 346
170 353 233 665
443 289 381 3990
322 343 730 7622
261 177 968 7597
16 24 920 984
21 384 944 895
245 444 868 209
95 207 837 735
37 275 968 753
268 426 317 6432
427 430 271 373
255 487 376 385
215 470 591 220
158 367 103 357
398 472 827 245
111 285 782 706
184 279 130 586
43 66 155 842
189 322 174 835
142 476 96 996
198 490 440 177
35 99 211 807
34 402 804 125
211 272 752 886
92 96 948 511
75 433 314 631
383 432 238 63
150 337 105 204
253 311 403 404
393 445 999 308
93 324 97 865
92 470 422 602
122 363 239 956
67 192 234 453
39 218 299 284
171 312 518 784
102 459 655 724
66 428 147 134
142 232 637 181
135 273 891 622
160 356 902 679
54 198 537 57
178 401 60 242
85 487 353 885
268 408 917 252
316 359 502 786
349 404 741 9925
10 65 179 794
293 385 611 711
49 74 717 217
373 353 272 5781
300 474 691 896
108 159 887 2703
329 440 48 573
89 197 689 681
87 476 734 268
77 246 807 987
106 120 641 199
109 125 157 439
13 224 207 989
182 420 762 593
23 113 865 701
429 476 806 945
75 490 764 650
18 420 307 633
251 346 975 774
180 447 499 46
80 493 61 175
38 96 940 963
171 499 68 207
66 298 953 20
172 212 229 656
54 369 30 106
145 164 828 690
321 351 966 1242
99 450 918 3988
483 111 880 3210
334 483 497 830
16 398 511 828
150 315 609 3132
256 45 968 6108
223 494 509 896
221 342 309 367
38 47 960 837
84 229 808 88
396 130 287 4404
5 453 20 246
273 475 457 224
28 213 86 723
242 471 698 21
90 286 460 159
100 307 217 654
114 201 912 973
185 230 297 31
137 246 293 677
71 398 284 587
7 35 955 292
170 434 335 529
378 381 182 712
30 406 95 700
13 330 550 694
276 342 680 426
214 302 415 736
188 422 574 999
449 459 848 582
353 375 705 971
422 468 66 926
163 467 677 831
24 64 678 117
44 291 379 739
32 332 386 873
47 85 320 879
64 439 379 302
285 107 335 3512
3 260 334 972
267 497 957 41
111 472 243 537
128 371 32 834
59 95 958 581
261 408 57 556
46 201 275 559
189 241 919 512
195 278 534 3056
118 285 410 9168
266 272 283 549
293 491 879 708
33 484 148 594
283 285 56 942
12 135 294 634
345 473 316 5650
110 483 634 715
235 374 450 621
99 462 884 319
4 355 89 290
189 298 869 578
182 233 101 926
226 499 122 308
301 425 434 490
154 169 590 720
496 371 405 8011
174 496 503 757
173 464 499 563
127 282 496 45
44 405 36 559
163 174 191 289
29 42 285 32
194 423 536 8753
161 372 603 867
109 255 570 263
78 284 20 124
345 380 372 58
297 333 886 286
62 279 613 317
275 22 614 1090
290 431 833 834
95 443 341 994
433 495 553 240
227 456 552 554
326 386 884 896
62 336 941 6
47 135 503 2804
51 448 660 231
275 391 818 182
34 386 33 708
99 169 44 4
319 419 820 691
347 371 529 540
227 326 333 935
161 429 969 933
190 257 504 207
130 360 445 641
80 119 24 697
370 384 555 786
279 334 928 585
305 444 648 470
455 312 58 2542
73 200 887 502
197 28 47 7116
11 428 993 138
71 268 495 133
257 373 222 833
196 395 559 700
65 203 196 837
39 169 809 640
54 125 564 447
81 142 360 7423
32 96 561 619
116 198 296 150
160 218 237 3444
419 463 254 903
209 470 747 580
331 462 384 226
49 318 101 54
23 406 838 566
194 292 562 172
58 187 500 842
46 445 102 15
110 190 388 661
32 39 246 204
0 20 307 1799
287 377 944 101
45 494 84 99
247 270 785 296
229 469 392 204
85 430 547 907
42 440 155 737
312 468 914 9772
210 427 332 407
220 391 815 278
336 399 40 901
31 64 716 867
135 387 579 760
98 131 462 310
398 415 280 567
88 240 695 778
160 283 603 714
221 228 505 385
307 490 648 551
424 490 635 315
402 294 288 4394
226 312 870 176
47 459 347 628
19 322 257 590
57 472 218 630
4 469 255 81
63 141 719 3218
313 180 688 2828
274 489 868 615
12 493 600 692
242 146 866 6783
235 317 691 620
127 339 727 60
251 338 977 967
388 402 982 967
266 402 339 234
108 410 886 743
330 391 910 879
240 344 371 93
155 234 813 212
276 456 854 810
291 355 295 732
331 405 218 113
405 422 865 3119
90 400 967 624
283 358 866 915
309 457 819 910
85 129 727 729
479 57 763 9875
124 165 896 912
383 489 633 390
203 297 619 235
54 152 736 1534
193 254 675 22
66 241 50 150
139 178 446 348
130 230 306 869
78 97 513 763
115 239 80 564
11 477 637 893
0 263 541 209
163 192 557 4913
46 128 187 328
189 436 926 869
204 313 135 495
374 403 787 624
467 176 637 4348
173 119 443 5835
257 324 407 804
13 338 956 855
388 475 1 19
23 32 258 724
50 464 695 530
54 499 571 919
98 310 557 639
28 270 260 207
115 353 832 422
316 473 738 639
43 123 304 452
149 419 107 41
358 455 753 726
70 333 132 14
5 339 283 839
160 226 495 254
274 55 175 3388
255 300 786 44
336 35 55 8629
76 368 89 830
482 495 740 723
42 302 438 434
126 187 574 857
384 497 951 130
214 359 687 526
200 221 126 346
14 401 739 54
141 446 202 70
13 395 959 973
166 171 623 135
100 239 282 9834
119 496 213 184
57 309 337 779
187 390 742 589
125 475 439 4166
22 262 448 807
41 254 657 7790
216 234 754 663
290 317 634 744
202 446 144 348
74 395 301 432
91 375 179 464
118 407 809 970
211 248 727 323
130 490 547 980
391 308 514 2292
124 344 901 5568
216 429 210 258
14 295 799 51
308 449 225 573
22 189 822 605
146 251 545 38
253 498 454 447
372 454 741 437
213 367 444 474
107 350 423 5974
308 425 42 984
429 484 167 728
41 101 501 802
64 358 653 338
256 365 539 755
296 439 608 932
9 41 841 2572
288 301 126 416
195 243 187 258
157 280 933 77
129 116 990 7764
55 109 618 688
355 474 678 544
351 477 790 6747
282 350 692 796
205 457 838 914
66 290 849 247
114 315 986 682
368 492 186 104
208 405 492 805
149 435 647 543
272 337 778 428
274 302 549 257
191 295 706 256
24 455 46 4283
86 242 558 623
264 136 974 2070
235 431 880 417
262 446 39 737
436 492 844 697
171 198 147 96
333 402 164 284
134 135 860 621
193 368 112 997
177 389 171 3496
187 276 194 78
7 165 32 759
94 378 263 756
323 481 783 300
246 447 758 617
36 50 758 878
165 383 973 891
10 260 201 332
103 231 935 790
321 459 579 585
330 334 819 346
58 102 586 9412
230 290 832 721
391 399 244 45
263 267 997 354
411 466 126 261
94 118 591 607
55 426 69 737
138 148 470 775
238 452 229 115
164 7 310 5125
107 453 94 856
139 292 620 201
125 390 836 797
12 322 92 829
28 185 448 3385
244 219 411 1050
92 153 928 495
88 427 385 197
294 393 508 668
46 63 376 1402
162 437 928 817
329 497 671 277
64 171 76 670
116 458 385 350
2 342 736 757
93 153 952 913
308 368 477 80
135 200 856 682
237 420 383 182
118 480 838 509
435 230 17 6728
139 235 317 743
82 449 442 833
31 406 49 6385
383 465 191 971
143 167 992 249
155 364 318 745
382 451 600 562
389 467 793 356
229 282 547 630
30 105 48 632
40 126 251 985
70 260 376 769
233 385 179 148
394 437 70 918
480 245 265 666
79 479 207 924
163 304 104 31
28 384 695 855
14 328 905 661
4 87 968 520
148 210 601 115
323 432 812 501
168 193 791 986
23 357 229 967
312 346 314 910
47 158 783 742
69 401 99 666
342 377 727 868
218 264 527 799
226 369 246 556
399 486 284 8934
221 399 311 599
332 437 9 251
44 348 330 238
97 172 624 691
292 492 660 7664
415 115 59 1629
188 365 619 215
56 391 277 389
364 406 363 461
121 298 676 572
230 404 263 920
361 460 12 483
152 473 925 282
149 175 548 845
439 448 879 713
87 232 944 448
157 467 409 301
150 451 927 523
164 483 57 784
360 371 548 6
252 346 788 908
41 394 413 764
45 226 1 982
154 405 603 444
95 313 209 153
1 385 267 546
273 451 234 493
293 304 476 972
297 414 520 665
305 314 412 699
139 154 982 564
236 355 87 290
95 126 513 360
255 431 572 1752
472 498 692 241
121 237 549 6315
453 398 320 5197
32 202 330 385
273 402 950 974
381 492 272 830
28 140 802 4
158 424 282 598
38 478 398 123
211 322 139 4559
13 399 138 751
131 295 436 743
1 60 732 153
277 486 201 336
89 384 450 129
190 330 511 841
66 485 410 23
379 470 204 337
265 370 10 953
1 271 305 978
215 340 837 988
407 65 929 4863
37 446 7 81
258 468 110 845
204 419 264 892
185 360 862 986
129 273 894 445
10 252 479 447
106 234 130 421
101 370 347 848
51 171 798 751
10 146 8 718
312 460 406 595
276 293 968 922
110 239 852 78
129 265 223 287
7 222 295 448
37 145 183 36
25 29 272 35
478 482 32 244
40 256 790 252
97 302 854 803
39 356 888 758
60 176 986 754
156 321 599 386
412 447 293 448
58 374 830 996
257 267 15 920
17 219 783 673
167 32 368 1019
20 224 486 7725
46 388 737 225
151 278 330 216
52 128 364 891
22 132 359 184
397 407 953 34
104 399 164 691
272 280 839 598
462 149 19 4683
257 454 395 829
96 475 176 907
306 49 288 1028
20 330 150 191
83 270 997 334
134 208 227 71
120 477 954 984
129 192 717 698
121 168 594 804
157 113 812 8886
380 478 48 122
231 469 657 631
107 372 339 813
73 363 583 919
191 238 101 80
107 266 606 784
124 409 993 198
231 347 667 2309
288 393 443 4716
81 281 689 912
157 223 513 792
341 426 998 383
120 420 173 15
92 202 345 29
171 328 573 720
279 426 389 778
224 459 784 526
498 341 919 9308
302 303 978 411
61 141 775 790
420 422 789 2
15 433 636 573
89 498 804 43
52 242 88 169
225 377 794 815
433 438 773 547
306 452 28 37
337 464 468 596
138 351 893 314
277 356 357 324
283 472 907 582
42 172 486 409
222 226 419 773
340 354 822 2943
68 206 639 337
222 299 606 1
239 336 604 15
250 387 378 654
192 303 324 624
62 149 725 270
364 247 441 1839
217 353 910 881
381 432 384 5520
85 316 352 721
258 77 395 1998
76 124 221 559
216 486 698 215
207 253 362 195
103 198 548 1210
236 274 215 678
178 214 353 589
263 462 46 646
175 290 609 851
321 329 324 771
4 485 917 32
49 204 743 3
179 195 606 490
115 166 502 658
331 430 753 7678
343 358 176 285
193 441 787 403
146 495 136 872
37 88 817 218
119 382 717 915
103 418 239 847
149 433 347 6885
374 419 937 598
359 493 498 539
21 311 469 320
381 419 180 616
104 261 972 381
278 315 827 488
225 340 667 7340
182 493 400 105
440 61 586 9432
45 486 816 164
11 160 430 204
122 176 713 617
204 229 326 4911
388 182 865 7214
267 367 697 341
58 244 812 166
228 415 987 992
31 381 786 263
76 230 327 844
6 184 993 411
77 319 160 177
78 113 665 531
423 244 158 4248
40 142 890 361
374 476 570 31
226 336 923 930
155 307 922 61
186 295 609 910
98 481 935 986
326 402 510 678
27 288 91 4243
76 417 958 7
252 403 139 81
301 482 18 310
136 289 687 410
134 420 761 7868
194 349 358 559
314 319 23 845
219 251 977 1285
348 359 417 8445
303 341 954 969
285 323 678 191
73 420 415 408
305 387 48 274
230 347 19 198
226 153 385 7270
207 36 544 3335
209 226 740 456
144 392 611 847
112 33 215 2500
67 249 336 697
26 86 29 909
154 161 841 196
217 280 98 629
290 301 739 155
39 161 348 599
2 171 584 681
55 296 619 851
198 311 259 380
438 489 148 432
111 391 970 661
149 492 148 49
29 416 102 224
158 310 137 606
83 140 952 286
206 278 158 120
1 304 930 687
80 379 115 498
208 267 905 299
190 200 379 483
383 408 290 986
245 395 391 682
167 244 13 586
34 85 604 107
71 211 988 975
440 454 467 331
133 341 250 766
269 389 131 542
334 410 217 961
315 441 21 704
209 413 430 39
110 377 936 888
218 394 913 74
102 456 118 2390
168 307 355 939
52 55 792 761
141 202 204 675
48 174 314 642
271 372 293 183
38 364 241 48
187 463 615 311
88 378 529 7
116 385 168 300
314 425 27 122
151 221 226 696
176 412 508 515
70 276 783 14
110 133 98 456
421 452 169 34
212 412 971 4559
124 222 349 321
350 431 593 617
470 485 328 342
104 155 714 247
141 194 273 448
107 323 778 510
174 310 829 9978
44 462 785 205
92 283 964 815
358 398 154 212
95 337 245 221
123 425 596 4857
138 335 612 213
136 452 385 6549
60 396 748 880
5 396 326 833
14 344 471 989
165 326 245 305
114 152 576 159
106 43 438 6669
316 465 172 829
155 421 455 250
270 231 475 2785
445 448 385 560
67 436 373 220
18 46 958 755
292 371 836 849
173 350 694 106
219 353 255 919
103 304 476 673
16 97 115 800
365 414 115 266
70 203 316 750
26 468 575 419
377 296 811 2886
30 243 849 223
76 287 877 590
142 183 153 219
378 357 265 9232
25 279 605 4618
174 309 998 1
35 343 36 657
164 296 433 917
59 412 185 58
108 337 871 590
69 409 872 197
13 37 843 427
114 445 936 961
464 474 542 789
377 400 446 196
133 471 141 810
8 417 646 668
56 277 922 869
389 292 601 1990
201 275 639 220
261 335 507 217
202 387 854 6281
53 160 923 96
163 223 690 277
52 258 812 4608
162 453 294 435
214 245 329 696
116 434 241 499
208 397 441 465
66 371 666 485
114 446 176 6077
164 272 743 626
69 108 861 856
232 263 920 846
31 137 1000 875
119 122 325 554
341 252 336 6032
4 298 409 851
247 376 550 603
99 161 786 523
259 199 477 1582
42 383 390 261
457 491 790 725
406 439 224 413
190 265 30 3861
274 359 913 198
341 499 632 23
155 177 693 880
108 166 244 229
200 351 433 564
154 356 901 936
305 330 838 320
48 117 941 756
27 175 730 531
201 164 635 4185
63 244 702 56
293 434 194 874
123 271 390 952
272 410 102 491
290 488 182 219
251 409 359 5577
84 99 99 36
486 79 461 9509
259 313 127 2
2 155 274 818
207 497 552 779
177 312 750 349
203 484 816 261
207 416 915 883
65 290 550 1441
101 264 381 649
427 487 482 147
188 227 595 219
26 338 309 385
372 381 938 490
73 257 617 69
425 476 845 4841
185 417 913 119
222 486 427 215
325 268 478 1573
85 300 302 937
4 225 866 597
5 469 859 822
353 485 374 289
212 467 499 502
204 256 475 825
71 455 986 689
5 266 733 452
48 209 746 7865
280 491 965 466
295 125 197 2377
355 401 705 679
66 184 861 366
147 259 284 507
19 21 643 813
266 386 845 523
335 475 899 247
113 217 679 863
296 325 611 14
350 488 895 66
51 187 670 7234
123 287 377 446
145 343 862 791
7 42 827 7801
201 446 500 655
331 348 718 673
41 215 863 924
311 365 442 621
12 249 359 704
48 150 847 920
141 462 658 528
48 467 38 273
36 408 607 745
95 451 926 786
38 217 90 5733
453 472 191 614
117 393 424 710
118 220 356 565
390 424 183 763
119 309 157 992
188 271 111 9325
328 89 120 9675
146 438 711 36
311 479 434 719
111 485 396 6243
193 311 539 128
73 444 801 123
368 476 88 167
404 84 170 965
220 277 90 975
446 318 859 2461
289 423 696 424
146 381 522 892
41 158 49 762
318 462 74 825
359 379 252 425
274 432 334 672
428 263 590 934
227 457 983 7471
30 48 480 584
466 496 898 236
364 382 497 56
304 487 200 603
89 205 57 40
60 478 690 7251
16 341 67 358
115 296 747 765
250 257 436 138
90 213 666 958
201 332 267 327
120 347 662 857
153 110 637 6596
11 241 170 996
20 273 866 635
88 264 659 515
71 484 679 4652
137 376 513 868
262 309 534 9504
179 439 219 50
168 494 631 697
11 217 626 231
74 379 108 855
182 363 566 85
225 491 330 409
269 275 289 564
351 463 236 510
234 309 37 902
275 448 306 919
386 462 264 159
26 94 14 929
114 209 979 514
494 328 150 5091
27 159 733 387
82 262 101 211
350 374 312 622
125 260 94 432
129 322 835 663
113 461 103 338
313 362 376 275
148 218 841 573
26 387 23 98
60 160 168 934
376 13 526 1860
78 454 590 7882
337 407 143 781
493 337 269 1889
199 319 830 131
63 73 391 644
36 461 453 2787
113 144 89 575
457 397 647 9797
178 465 424 6503
13 387 696 51
57 285 334 711
104 342 534 714
1 434 539 162
258 362 343 304
176 88 311 9892
70 390 180 35
168 250 876 765
320 21 263 5812
94 492 485 215
354 387 40 211
482 487 514 478
460 410 578 3529
273 331 836 9817
34 459 731 717
173 358 651 832
234 297 463 7829
105 220 969 277
32 388 259 6259
326 215 368 6747
139 284 405 906
91 481 83 661
151 457 725 962
89 254 506 657
77 132 664 63
219 426 804 145
92 332 684 380
214 108 564 3759
170 296 612 67
80 86 174 848
35 156 933 183
395 418 346 282
314 368 518 252
3 317 567 455
79 121 935 886
311 422 815 693
170 190 980 472
10 496 921 223
4 274 994 394
246 482 312 123
107 209 937 1000
65 73 994 455
298 485 94 306
42 196 141 663
233 458 48 881
83 384 402 457
420 471 946 809
260 400 288 195
155 494 661 875
266 459 723 90
93 267 817 480
116 271 164 165
130 303 577 106
138 327 989 133
477 83 579 5497
5 22 749 286
180 374 73 756
222 51 175 6078
328 402 199 454
132 463 794 39
9 81 224 212
95 150 563 292
36 237 468 362
4 412 317 251
140 170 489 933
7 328 219 929
214 489 21 437
80 249 35 314
57 366 560 138
6 54 668 414
159 212 110 360
101 451 317 438
32 470 69 80
188 235 498 849
86 381 796 126
263 373 8 8532
251 476 991 409
141 251 566 264
251 419 621 85
72 162 720 910
260 166 212 1509
90 156 492 943
257 430 151 570
336 456 912 645
86 121 205 610
442 405 339 5612
135 460 209 147
204 386 467 888
211 435 448 565
132 268 78 878
65 146 537 861
25 289 949 755
48 418 772 297
136 468 758 31
33 427 937 965
117 149 605 94
141 145 563 761
338 494 439 229
21 441 517 553
138 278 756 513
14 108 632 108
219 296 331 865
143 468 4 467
51 334 918 549
154 242 175 8
102 142 339 157
250 273 243 6349
12 379 974 523
98 261 926 425
317 373 819 608
15 360 681 147
179 496 748 939
127 176 424 505
415 428 115 109
101 207 303 610
349 450 77 375
228 244 305 499
241 455 248 915
177 450 932 108
62 206 178 942
69 402 732 2260
351 382 801 435
195 300 986 810
113 274 494 822
12 383 720 4339
315 416 16 2160
107 429 654 213
466 124 580 9478
136 395 691 701
269 446 263 143
120 139 649 5408
218 451 249 751
336 375 623 957
17 48 851 537
226 393 791 290
29 172 685 623
74 452 131 381
14 188 609 8617
211 321 918 632
288 358 597 649
141 332 518 435
125 447 409 685
151 255 133 7408
182 249 440 214
338 388 152 388
1 141 777 377
261 278 491 794
79 259 202 550
103 361 578 525
223 364 282 690
74 265 160 914
41 345 464 68
225 434 454 487
177 369 712 690
400 97 548 1707
370 441 481 888
205 6 568 5423
303 455 901 953
105 464 304 797
224 475 981 870
10 333 311 96
149 362 912 453
9 211 772 95
310 414 382 964
195 414 848 955
40 69 501 606
3 431 185 399
320 321 928 125
75 143 919 8329
76 72 582 3934
132 349 225 894
47 272 108 65
222 356 817 75
159 356 971 8855
189 485 571 888
264 446 1 926
19 338 298 868
81 94 597 985
140 9 849 1207
360 444 931 370
173 431 603 379
8 230 226 999
130 173 991 231
94 305 393 936
64 252 893 824
90 457 890 65
343 472 965 925
126 150 829 2701
375 378 278 985
75 116 371 689
85 81 135 1855
317 430 130 124
416 112 820 2982
142 289 277 760
73 127 751 474
156 191 314 78
142 240 3 479
111 228 686 595
153 324 559 664
289 342 312 294
19 208 908 143
42 432 4 832
248 471 970 81
116 76 627 4066
187 96 803 5502
348 491 632 442
43 367 377 266
246 368 847 257
86 194 821 408
85 186 318 83
0 133 858 574
179 238 985 1162
186 425 215 829
174 366 359 563
373 495 879 804
103 117 142 617
17 105 911 319
147 202 342 359
30 292 536 179
176 493 610 346
236 282 735 217
45 299 513 17
184 352 113 887
227 269 627 369
224 261 150 4163
134 265 599 970
145 400 41 511
174 439 288 62
204 362 111 573
378 495 227 988
162 380 817 399
448 277 210 9321
297 335 164 7456
113 160 291 341
167 236 156 821
275 334 490 539
39 88 248 33
266 264 647 3254
161 421 791 632
247 384 375 815
241 325 192 974
335 361 439 838
177 255 105 939
38 104 687 521
23 276 114 85
7 409 545 689
60 477 583 304
422 109 2 2329
141 389 705 457
274 440 524 148
105 407 21 566
174 252 409 683
152 172 303 924
49 375 245 284
197 273 654 345
73 53 873 1056
30 162 509 478
21 197 615 352
283 301 561 99
286 418 343 199
225 247 420 414
89 335 535 443
80 306 452 463
52 486 144 863
50 350 961 541
97 359 247 473
247 358 52 2109
20 29 879 249
219 239 188 863
124 352 803 450
53 144 483 882
91 115 920 960
98 282 465 1017
133 414 151 314
132 333 631 384
239 385 953 796
1 491 971 137
49 131 502 124
54 418 261 250
426 101 23 8772
406 266 928 7954
98 497 653 72
239 328 894 679
59 498 53 8861
34 199 985 521
22 75 502 330
10 203 869 580
120 396 537 219
303 398 895 270
15 14 419 6142
217 386 52 957
4 145 761 4882
108 174 206 953
213 391 285 253
333 451 16 736
304 210 132 3149
14 51 835 429
202 373 949 143
14 271 609 623
24 121 201 245
164 345 943 73
146 194 512 426
253 254 694 147
79 365 198 95
3 244 779 582
212 410 844 270
469 472 960 5088
267 286 255 29
50 319 331 1832
142 419 713 126
168 364 821 844
203 224 639 243
213 448 742 505
276 285 508 683
43 180 304 85
252 330 592 571
95 199 491 245
102 386 164 136
217 410 8 926
56 407 10 942
236 469 684 809
180 317 89 719
197 289 796 18
284 323 305 813
45 470 854 566
130 417 683 427
131 238 470 45
9 382 943 493
233 271 172 276
369 433 515 823
180 260 411 182
495 304 779 7018
162 266 94 584
45 120 666 663
447 16 230 1887
309 400 298 252
397 464 256 667
23 227 583 311
270 478 330 12
169 396 195 737
94 306 630 4044
156 378 919 516
103 174 544 419
14 352 113 254
48 361 991 287
233 138 408 2488
253 462 98 5032
57 122 506 544
463 324 428 3421
229 258 553 693
29 359 768 601
270 340 147 97
405 488 923 956
107 396 534 642
333 394 739 232
281 214 659 9643
45 250 778 233
202 316 869 711
430 498 413 899
149 305 595 398
144 449 493 955
122 493 570 521
40 443 451 488
437 451 305 433
62 92 52 925
3 187 213 502
306 395 768 127
112 236 64 744
199 335 944 1
363 392 570 785
424 464 699 967
57 342 182 754
183 46 819 6702
367 403 701 499
26 167 77 87
299 436 779 993
320 435 188 140
15 490 358 142
253 441 524 216
310 11 564 4826
284 339 327 158
490 436 570 2753
43 310 458 769
185 344 93 90
27 346 779 646
80 192 432 777
351 496 164 825
24 308 477 845
151 164 532 914
413 233 124 5206
59 168 929 839
20 216 615 589
170 239 750 777
293 377 742 388
58 317 790 17
2 41 805 320
290 34 655 5949
31 194 668 684
141 495 757 37
48 166 913 335
159 456 484 933
80 322 906 249
134 379 34 963
132 276 924 142
310 357 215 946
4 111 150 374
31 324 949 399
248 284 573 826
203 354 4 182
126 130 76 223
216 256 929 1852
40 415 802 5957
63 431 519 367
20 143 809 357
198 303 134 214
450 321 983 6162
379 413 898 319
168 23 361 8487
106 291 929 925
245 387 476 927
76 425 678 417
138 408 266 615
163 231 340 957
263 275 802 503
50 480 289 934
320 427 119 558
77 376 53 757
154 275 834 718
2 415 816 953
21 67 632 643
32 283 610 44
162 193 594 38
82 326 124 2159
20 403 118 803
176 298 498 474
126 398 661 386
173 220 563 248
265 484 977 709
78 471 528 608
340 418 316 82
113 331 852 186
108 361 177 866
218 488 632 9656
11 290 785 250
384 440 331 36
167 293 345 779
395 372 841 1812
169 38 663 5375
144 262 865 761
254 449 216 725
129 460 1 435
140 373 405 354
145 156 958 937
110 30 769 3088
315 327 658 567
88 484 712 876
203 3 508 2848
107 185 80 299
198 400 99 9563
347 428 413 762
243 404 620 443
261 392 910 205
242 284 809 332
283 415 940 656
158 481 315 310
139 341 228 582
59 355 56 56
181 195 248 256
51 204 868 491
21 368 51 237
157 329 28 71
99 104 49 315
361 379 24 400
114 128 214 759
286 475 651 968
229 211 672 833
286 369 271 311
394 453 494 155
472 183 46 1877
389 410 507 180
339 380 122 150
497 437 351 3322
64 496 284 456
67 363 583 446
7 279 788 782
227 407 745 843
190 387 615 672
285 461 582 153
145 213 687 342
135 189 438 3413
340 467 489 513
161 78 819 3183
224 296 973 116
258 411 221 532
423 425 491 690
144 335 216 259
200 237 642 778
221 205 705 4803
89 47 23 9807
55 348 201 7977
436 476 158 541
323 375 79 810
239 442 737 480
154 486 266 327
8 474 629 576
74 208 622 247
403 93 417 1873
49 105 237 5351
145 351 853 596
160 169 554 35
98 424 412 758
308 441 859 239
307 433 710 331
239 466 384 67
92 259 214 909
417 474 755 975
56 90 612 815
36 351 94 763
475 302 103 567
25 216 822 879
435 484 514 107
144 278 451 104
321 443 275 58
27 289 143 493
280 304 444 266
108 280 617 200
409 450 529 665
423 482 557 127
271 435 709 3550
54 68 23 965
176 355 519 795
298 428 847 95
32 446 310 980
81 338 475 461
132 320 891 2148
254 307 576 6275
34 329 842 650
139 422 330 243
224 345 232 436
338 445 445 148
424 433 58 877
351 439 669 209
29 465 141 629
64 65 228 462
123 458 864 529
192 384 193 578
188 284 586 702
80 143 432 774
87 362 344 316
171 255 917 772
65 447 242 877
250 444 696 291
23 487 919 122
18 493 973 603
244 436 96 718
232 320 813 56
210 413 46 3751
139 455 414 431
16 40 992 895
210 370 961 813
380 405 859 237
5 282 938 369
413 455 928 796
179 382 419 273
177 182 229 440
354 436 891 898
200 294 169 471
139 398 123 454
396 483 679 932
15 116 959 510
165 196 682 331
136 281 278 296
171 82 824 8677
50 293 733 606
51 90 270 936
247 457 137 342
61 385 602 637
133 222 230 1189
220 497 943 932
313 419 835 935
164 288 432 739
67 212 653 8099
79 235 623 933
45 112 410 550
12 436 642 629
216 478 196 587
108 467 10 143
102 402 768 97
178 271 690 769
45 169 758 545
93 397 660 59
163 418 985 447
383 163 382 3229
138 164 244 85
100 193 51 596
224 402 692 96
247 441 706 648
96 158 618 633
20 86 707 500
105 163 958 914
444 316 68 1252
98 123 116 978
48 280 313 492
169 445 655 605
267 416 5 683
402 491 669 930
62 226 38 9175
91 432 852 432
54 255 588 87
101 134 434 165
142 346 945 991
120 339 471 467
100 250 686 212
142 298 244 871
353 428 837 418
198 384 725 500
151 408 353 765
116 328 750 18
234 366 924 938
127 225 196 836
89 392 795 297
47 329 149 377
153 340 52 493
58 301 14 601
71 341 165 994
175 404 849 883
257 397 634 38
66 1 597 8126
109 312 511 378
279 483 834 446
273 345 379 894
19 78 665 398
123 344 140 854
45 437 250 406
459 480 980 285
145 481 642 382
182 412 558 605
418 493 805 6150
50 407 459 750
153 454 901 476
9 455 657 376
212 280 537 681
267 424 654 686
329 15 750 9862
162 259 80 4858
18 249 716 207
338 401 75 9657
109 499 120 80
127 412 675 48
30 373 69 514
181 8 496 6795
32 153 491 276
263 454 562 89
27 45 562 478
283 167 166 3600
157 459 565 383
10 16 331 21
289 208 948 1585
213 318 979 521
372 397 79 280
6 298 945 385
383 481 829 187
244 322 959 54
127 355 355 13
190 444 174 548
217 44 146 7394
88 134 649 119
83 197 526 31
146 308 923 255
248 390 840 712
241 268 838 527
329 489 560 351
64 415 46 155
176 485 586 796
471 444 574 4069
62 222 337 251
123 263 701 316
115 182 433 347
210 313 344 638
28 400 106 651
137 189 798 964
118 163 373 440
106 478 861 446
378 438 144 489
356 466 857 559
78 170 252 880
113 336 871 9711
418 449 710 8
316 460 727 6872
188 471 484 21
169 209 840 518
237 290 48 219
69 238 733 749
26 411 326 711
234 439 747 373
156 346 568 3182
299 493 245 771
365 471 798 47
452 497 941 347
164 402 258 174
173 407 858 760
87 102 207 232
324 446 535 964
145 294 197 720
363 449 989 309
54 182 766 924
229 445 986 197
91 245 646 913
61 249 639 3730
150 264 608 116
183 241 552 11
59 282 947 903
49 391 816 353
344 480 331 286
8 43 935 362
9 138 4 988
98 318 722 368
143 484 316 763
120 176 163 32
33 53 739 612
139 349 206 68
13 94 891 226
9 325 228 119
1 190 983 135
421 436 297 38
29 408 157 270
0 76 786 303
31 438 398 765
63 130 571 867
111 277 151 859
15 59 857 941
343 415 180 156
19 165 672 3168
70 496 868 687
376 473 526 1000
95 256 502 580
64 275 870 3444
86 137 743 62
189 379 62 971
198 498 749 1
277 283 503 985
257 316 427 64
272 467 570 226
271 429 33 616
277 470 956 88
181 455 361 11
73 176 80 292
385 397 864 357
191 368 271 242
449 467 838 551
89 91 757 529
430 174 461 1214
62 393 572 541
69 165 970 343
76 311 812 803
83 457 782 576
400 461 197 982
9 268 634 11
110 247 467 80
302 490 383 540
273 288 669 115
13 468 174 121
166 334 325 965
84 115 154 595
179 309 631 806
444 467 832 690
315 457 570 587
10 0 891 2504
209 299 368 827
264 283 583 15
468 485 545 662
127 469 941 588
365 483 459 5105
34 272 454 40
90 343 182 331
38 234 886 423
159 399 256 787
144 75 135 9177
476 173 439 1299
341 369 794 463
161 185 186 840
261 416 828 308
473 394 507 2784
7 141 968 406
115 426 774 883
204 443 613 530
89 311 911 958
239 499 138 146
7 385 523 492
61 198 519 660
41 207 662 45
17 349 828 974
211 329 229 583
123 320 609 271
95 394 145 504
426 479 112 336
88 191 237 185
327 451 440 907
63 447 698 45
136 151 985 979
387 494 309 85
221 472 54 494
53 274 976 36
129 436 67 44
306 379 2 237
392 415 376 763
191 482 80 353
308 498 95 862
44 161 378 673
431 449 578 948
53 379 940 6264
78 300 681 545
197 346 288 417
33 183 469 937
98 180 588 564
402 410 577 343
70 252 331 202
339 486 43 440
155 213 368 8199
363 498 360 702
44 47 133 103
86 389 56 600
117 263 536 678
2 472 590 131
246 352 649 844
402 483 15 386
73 306 695 431
252 19 756 9914
5 209 140 239
207 229 528 969
282 464 372 492
117 440 769 6693
275 464 351 818
193 384 176 325
4 461 468 911
30 479 54 540
179 301 66 354
322 481 696 563
199 392 675 260
255 357 166 41
319 27 112 7461
38 340 825 919
333 459 589 3180
103 491 979 348
375 435 53 766
120 209 980 410
270 421 687 499
439 497 384 305
31 251 569 595
173 488 18 198
79 373 48 375
43 497 316 302
152 286 779 644
69 222 880 861
124 279 539 544
1 117 241 451
46 258 525 904
441 486 339 7
172 399 537 800
184 409 90 609
120 453 854 545
363 26 309 5299
256 422 675 121
164 239 763 578
137 433 720 275
3 374 379 17
120 290 401 543
26 281 775 124
318 405 352 842
88 321 34 479
36 221 774 123
50 163 118 129
3 311 389 9747
410 489 312 9215
57 98 466 729
69 352 493 827
181 382 629 486
255 414 708 107
25 273 542 895
93 454 226 207
215 226 225 900
111 448 898 2
441 470 295 49
451 483 426 598
96 288 232 632
184 295 800 531
83 91 400 801
75 360 476 845
21 124 111 452
317 454 667 662
199 449 495 377
289 472 861 797
91 294 732 870
181 325 710 299
64 228 79 575
308 311 772 258
143 411 991 474
202 259 704 48
41 418 345 215
185 279 573 163
192 267 377 5049
254 262 128 65
140 243 509 339
194 422 353 177
132 219 755 213
89 148 599 632
132 406 279 839
230 461 374 81
143 354 931 918
170 320 546 618
322 424 933 165
191 425 231 220
267 310 777 580
268 351 694 256
448 478 156 318
262 430 659 642
123 157 737 631
454 196 264 1652
158 497 969 930
332 494 623 832
275 277 170 942
143 224 989 646
131 181 465 111
330 474 743 8693
461 360 661 2868
100 437 83 634
214 440 553 571
205 343 939 862
42 359 469 615
80 330 547 792
64 488 99 337
71 81 400 846
404 480 958 252
68 263 20 220
14 458 121 122
348 385 864 332
166 228 346 874
478 186 769 4679
109 182 460 738
26 330 349 693
29 91 138 475
0 499 392 889
139 211 813 471
29 148 777 578
147 373 215 25
49 188 263 230
126 317 802 352
59 469 184 439
68 133 220 670
308 438 929 1881
53 404 907 521
20 346 840 979
479 490 91 493
295 480 220 298
443 459 654 714
54 174 264 262
270 470 315 383
356 409 2 166
257 157 410 4202
412 12 366 2633
7 92 369 344
401 420 616 914
236 365 391 8803
128 314 544 762
136 208 933 551
335 491 862 949
13 444 534 668
148 194 771 543
198 441 268 219
367 103 893 3443
11 233 222 749
188 495 397 590
271 486 713 622
354 467 279 5601
204 492 341 117
379 386 695 2422
313 435 64 148
142 427 132 515
212 337 996 889
145 338 823 3987
89 278 81 190
150 207 78 10
229 396 592 127
199 181 230 6693
279 296 627 886
366 373 424 877
343 299 426 5869
183 371 567 25
217 223 383 432
304 463 8 373
82 376 429 511
133 170 965 567
240 401 744 220
48 410 495 806
396 499 806 777
77 433 472 227
200 424 684 643
340 410 531 930
428 468 457 750
205 400 721 700
313 411 935 419
96 98 359 2357
320 378 212 361
24 495 542 930
51 285 27 260
6 428 377 864
56 147 308 575
176 249 903 859
62 466 213 422
114 388 40 233
45 63 365 324
352 384 666 8136
82 132 903 52
81 395 251 846
126 455 300 168
109 442 239 917
45 156 442 2719
31 80 289 752
33 126 450 305
0 206 465 903
192 319 199 611
170 483 763 180
312 403 431 256
37 332 833 105
282 480 632 102
129 216 335 580
43 424 314 763
207 424 578 864
320 484 790 77
361 133 354 7717
61 304 148 147
14 84 475 242
213 375 413 337
110 434 313 765
197 403 608 749
333 345 225 494
100 120 143 723
87 289 697 788
79 129 69 507
242 463 771 848
25 403 325 470
244 493 595 861
128 257 167 815
373 438 960 425
72 276 575 749
105 277 619 797
41 402 8 69
484 25 83 8540
13 151 459 927
232 29 127 7240
64 301 394 174
235 236 913 913
217 329 563 379
207 473 852 281
197 216 24 679
254 319 571 923
96 345 958 471
299 306 14 180
11 395 482 9043
26 143 825 345
410 458 220 483
60 152 255 626
317 414 670 6578
213 58 109 6747
187 406 942 496
128 2 489 946
211 378 109 524
129 403 123 555
205 351 582 270
120 160 30 845
168 177 62 824
47 215 86 194
154 218 488 476
147 446 596 558
108 223 14 186
12 192 907 447
256 308 950 314
76 254 840 893
138 465 735 426
150 443 527 84
120 152 641 371
119 301 886 937
154 413 810 742
481 262 490 7634
39 37 687 8892
185 474 350 565
98 448 619 766
211 492 612 692
74 69 730 4165
442 443 442 592
104 375 601 935
222 413 277 118
42 58 374 851
286 361 131 385
408 370 143 9016
195 357 256 189
221 285 713 340
78 227 825 680
27 419 395 994
68 320 535 169
244 249 176 247
238 371 289 752
138 384 537 13
131 482 628 309
91 351 457 419
17 406 729 530
1 377 197 399
281 375 479 929
72 406 162 181
423 474 314 999
166 285 587 928
65 333 37 986
70 309 623 462
163 475 141 724
206 351 792 414
108 117 897 439
360 257 12 7767
468 134 206 2581
350 204 137 9430
129 135 632 620
374 220 231 3129
188 414 25 76
295 317 339 973
238 265 532 79
464 59 343 7325
183 428 343 327
18 233 882 209
98 367 524 482
322 497 942 528
335 467 500 965
270 397 758 462
441 62 60 2320
15 173 921 667
379 446 365 307
57 175 890 2502
32 226 332 220
189 355 776 592
205 270 447 559
284 128 823 2172
217 467 817 614
12 62 282 238
339 129 67 5382
37 342 357 2778
112 366 357 458
420 236 2 2399
5 152 305 644
146 48 671 6534
73 119 926 596
115 483 575 303
23 219 978 887
21 254 982 531
261 465 916 883
32 340 328 144
29 34 137 350
126 268 36 154
141 275 942 572
92 446 70 447
131 368 972 560
60 420 322 443
334 353 860 272
335 54 257 8187
264 389 737 579
440 462 380 532
194 479 334 383
61 377 561 102
16 154 695 876
277 307 945 981
395 475 372 500
140 300 920 772
23 414 801 953
220 383 290 864
106 364 941 208
391 456 317 73
342 434 846 527
414 420 124 638
148 462 171 279
323 411 372 4364
103 475 935 417
83 441 384 933
33 110 679 864
286 499 694 445
75 246 47 539
4 30 196 867
11 184 216 154
355 482 141 515
175 233 197 92
19 452 653 450
97 229 37 389
205 294 624 324
166 342 174 752
86 308 581 319
198 327 272 700
299 379 916 380
148 454 560 693
81 151 397 538
268 424 20 777
246 425 670 689
436 429 445 3774
206 221 734 64
251 452 247 248
192 376 70 948
222 242 560 915
40 199 758 338
107 242 649 956
336 448 904 845
165 440 361 118
173 187 10 293
24 422 326 342
74 135 725 110
81 224 896 265
82 368 369 297
164 215 465 957
87 159 709 466
121 355 882 622
18 306 192 178
175 477 944 849
72 89 741 863
278 385 336 3377
245 330 928 909
309 190 150 306
2 228 346 864
300 417 780 284
434 126 926 3192
39 112 899 13
67 200 569 946
345 461 368 25
346 458 775 4039
96 402 420 559
80 232 210 4502
219 483 633 746
17 269 526 6491
68 393 799 378
371 422 513 620
18 286 408 453
38 470 100 758
106 177 386 293
196 92 613 1914
282 407 357 322
254 286 874 31
142 403 228 291
132 162 245 524
195 430 145 642
61 117 889 554
81 411 169 382
147 274 41 6867
263 405 450 18
208 381 833 666
107 136 904 414
264 340 140 623
91 131 999 410
248 341 343 386
243 201 446 8020
101 126 739 73
165 253 454 303
60 339 85 698
301 376 382 144
90 473 681 104
270 291 167 648
157 353 755 929
276 480 596 18
64 244 98 281
71 284 144 611
395 467 464 969
489 66 781 5501
194 235 886 771
114 258 401 318
280 40 368 9392
122 325 688 9241
110 296 349 979
238 322 478 540
270 283 540 387
55 166 91 291
65 317 921 613
96 459 348 555
82 189 57 629
60 233 582 322
20 159 267 189
156 435 521 414
84 286 932 762
50 277 9 762
210 240 897 999
452 260 323 7531
177 239 254 200
116 442 721 91
297 471 324 482
10 439 640 167
48 304 632 542
169 339 986 785
33 240 354 892
127 363 289 524
99 405 107 517
91 314 15 7848
352 453 351 876
336 432 693 661
260 457 683 932
267 473 375 587
41 451 459 154
58 130 798 993
289 366 584 149
136 338 321 313
372 228 355 2848
129 159 13 252
327 333 466 8061
163 361 130 704
208 454 675 113
370 465 254 870
44 478 858 439
117 336 545 349
4 217 24 880
413 479 996 253
252 273 772 562
171 442 141 342
77 189 278 971
91 107 298 475
72 349 193 804
223 250 43 985
54 442 409 538
70 447 741 200
169 453 903 865
201 202 582 122
55 353 56 693
348 434 954 965
39 405 953 540
226 385 577 230
323 489 43 41
403 499 657 303
292 347 662 71
23 40 353 65
368 424 302 9216
28 83 252 223
8 287 776 562
220 334 504 973
236 412 788 226
109 439 613 3147
0 450 56 739
417 498 270 685
203 411 15 773
40 386 408 547
120 233 895 706
92 389 178 149
68 450 845 998
196 338 108 345
154 299 860 400
409 362 42 1369
42 139 39 267
170 86 630 2381
288 415 75 390
128 184 607 202
230 482 925 4840
175 347 887 719
258 305 187 741
232 393 362 875
369 376 560 109
148 405 713 910
196 468 736 697
17 300 256 626
323 408 608 63
131 311 455 560
303 495 211 6323
342 301 108 7428
246 295 91 347
110 353 114 296
278 388 657 89
354 493 144 30
131 425 886 965
249 419 242 739
229 339 866 648
245 314 90 293
347 193 760 1369
35 229 986 45
329 383 531 896
414 444 161 57
193 498 513 57
53 461 513 518
112 423 646 143
14 157 510 395
298 371 146 619
109 369 745 87
104 269 36 254
299 363 913 84
161 234 761 144
248 398 943 846
47 402 905 845
317 324 553 498
146 324 621 353
176 306 800 557
22 449 443 252
346 469 371 951
85 113 40 412
97 416 677 694
102 199 757 74
113 404 789 177
35 380 698 9902
339 429 607 900
306 322 513 460
49 261 131 214
220 253 761 671
8 157 866 520
111 204 116 110
324 332 334 803
219 345 975 316
13 200 890 709
11 347 882 863
63 187 643 732
251 395 192 688
29 132 392 6697
44 434 320 2227
401 445 970 5195
30 56 642 656
8 100 414 179
426 430 776 886
26 367 98 607
35 286 340 476
159 269 626 802
138 221 101 206
25 102 379 682
242 333 442 407
402 434 398 536
239 255 824 562
242 447 933 517
38 421 375 37
208 324 37 778
17 32 717 210
61 328 214 902
411 154 665 8793
177 499 817 824
458 363 144 295
291 412 926 975
17 479 170 89
405 431 595 855
142 370 888 733
46 71 395 18
488 287 253 7380
339 372 102 444
434 470 895 826
220 368 791 8157
58 488 554 512
215 283 774 457
485 381 714 2575
154 462 198 44
291 469 52 371
133 154 572 234
252 460 538 862
450 475 894 693
29 335 77 111
282 293 55 359
29 278 787 765
188 308 35 542
183 314 616 423
228 358 447 8
107 193 838 36
152 229 841 933
108 150 830 84
7 336 859 148
19 151 405 271
300 344 278 417
58 431 56 327
23 300 555 705
44 218 587 94
104 491 755 5952
87 246 561 2388
262 316 427 858
54 312 69 874
348 442 358 128
297 357 117 164
49 448 797 205
254 343 280 267
224 272 515 972
53 217 450 864
434 454 288 758
140 487 39 440
178 458 68 197
157 410 181 675
3 130 735 957
367 387 427 22
95 386 332 154
249 349 678 557
18 176 126 294
314 376 112 685
112 293 43 608
228 488 363 469
148 52 390 2654
29 221 483 381
20 460 343 216
133 357 370 145
95 370 751 134
26 354 571 979
111 464 640 585
124 295 469 550
8 344 672 906
15 246 128 709
126 325 684 826
135 143 901 567
126 211 34 845
387 421 620 444
73 387 890 711
36 481 803 832
247 327 735 181
17 292 143 559
111 147 739 583
229 266 796 309
35 400 710 631
110 320 905 409
270 364 386 655
118 277 727 679
68 76 703 590
173 301 86 262
72 219 942 342
41 231 705 667
299 203 42 7574
111 261 74 231
125 317 340 268
56 204 334 97
7 149 296 521
208 68 800 8976
348 458 417 464
102 272 104 989
151 270 151 961
332 364 653 945
119 252 248 26
447 494 517 594
180 390 740 494
18 363 954 715
231 282 333 951
267 323 110 4145
304 357 504 523
67 379 490 539
83 202 915 4856
184 222 103 450
189 104 100 9829
292 363 387 339
223 258 960 557
38 283 154 916
212 223 883 74
134 452 860 784
37 202 66 57
167 423 334 911
201 389 189 997
158 318 360 808
147 389 457 550
30 235 803 655
5 103 464 885
44 104 159 745
125 333 560 293
130 114 391 6115
189 249 127 833
77 453 61 2618
33 487 602 6809
16 227 857 673
328 345 434 962
29 392 816 977
167 350 888 527
262 373 189 983
35 416 210 42
446 456 688 408
16 284 663 385
172 342 35 915
168 437 610 572
170 491 623 106
6 485 766 949
408 493 953 907
78 414 479 729
121 485 808 530
30 349 810 329
80 135 518 282
34 142 213 905
42 489 541 658
200 100 140 3668
237 477 977 45
284 453 613 269
269 462 256 39
122 233 776 714
85 243 615 831
93 210 320 27
51 98 190 212
74 322 512 10
143 297 737 620
206 408 265 983
14 214 326 728
84 158 760 6521
408 412 482 919
388 459 305 479
60 347 962 443
23 127 332 3448
376 416 635 350
4 38 35 231
12 306 143 760
238 379 497 174
155 437 396 292
287 320 335 567
83 278 202 636
316 416 668 76
57 423 853 846
201 251 731 941
158 261 928 839
326 378 975 720
71 97 209 167
386 413 284 532
186 368 861 702
54 385 944 337
296 382 642 5
377 457 513 255
459 499 799 8885
240 417 542 587
52 136 560 562
448 486 307 465
380 329 162 7844
175 223 440 1507
258 354 48 551
223 331 735 279
196 208 963 835
228 301 347 571
141 64 423 676
96 272 619 925
228 191 584 5922
280 434 175 139
313 492 592 517
175 217 747 242
432 121 613 5110
312 330 206 443
51 277 603 28
57 179 807 392
437 391 110 2306
287 118 390 4533
395 491 479 627
70 89 55 268
367 460 858 505
76 498 469 96
54 231 328 243
359 436 646 504
119 151 667 975
243 347 615 561
109 426 973 552
52 315 653 954
349 393 883 748
373 389 493 261
284 396 804 928
41 44 528 257
327 443 636 567
176 436 999 163
223 445 574 786
178 344 122 1
16 407 853 738
366 446 836 670
122 420 391 302
139 479 922 837
399 423 445 203
51 228 412 361
27 362 673 629
324 60 353 3777
157 272 743 434
325 421 352 42
417 441 800 469
86 438 311 147
13 281 410 852
215 397 801 460
95 183 825 141
68 463 236 5920
84 416 788 501
264 332 754 13
404 423 5 741
119 439 420 379
61 190 754 590
79 155 961 7841
11 103 31 156
216 315 869 461
184 497 881 1269
232 450 870 327
92 73 261 6906
207 367 978 307
305 338 116 120
186 482 964 886
236 388 120 105
445 494 260 960
189 192 644 743
126 138 656 902
59 225 269 191
192 246 728 133
121 428 563 199
55 182 536 387
138 140 920 139
157 166 895 397
112 480 751 252
165 497 208 497
335 418 404 200
259 386 305 23
84 359 133 741
223 307 755 859
10 276 533 418
231 355 208 133
138 480 444 1828
436 443 749 194
160 470 614 654
170 247 65 261
32 145 979 221
366 248 179 1044
304 406 110 113
104 448 67 752
369 392 329 6493
85 479 65 589
25 460 225 488
213 261 492 126
240 287 667 183
470 195 167 403
87 175 28 226
48 231 149 909
51 415 378 903
24 235 772 521
185 287 366 610
6 241 593 214
225 304 500 521
154 428 230 1228
167 480 392 242
398 70 278 2612
192 433 945 19
45 413 549 16
353 355 635 953
94 362 520 484
433 479 249 5725
357 221 679 9771
282 456 93 20
279 345 182 906
1 328 738 882
50 220 931 721
268 294 701 192
286 312 61 953
250 330 916 897
1 137 859 9434
191 377 260 1981
135 379 784 188
181 268 539 206
79 178 445 392
35 335 947 959
30 186 236 667
186 352 499 815
325 478 64 275
287 450 223 910
235 260 877 183
166 415 611 666
249 292 432 475
2 98 435 957
0 320 247 46
13 143 313 930
47 142 432 717
201 495 230 33
337 350 817 995
46 315 284 600
300 382 159 4600
117 450 165 761
460 488 743 468
235 469 365 1719
200 481 191 697
208 218 688 111
149 248 306 956
137 284 257 1447
150 394 116 335
276 421 696 5608
88 183 2 713
34 215 306 554
182 490 932 2349
116 141 731 523
177 426 165 629
184 466 728 889
56 220 761 777
36 294 796 468
499 227 34 1103
302 91 303 7721
266 329 906 315
431 300 216 8659
381 435 807 491
6 39 997 433
50 106 810 872
41 475 240 411
2 327 962 7917
285 404 909 73
70 280 575 1441
125 146 279 845
27 102 774 148
68 214 581 566
148 324 529 389
41 288 121 583
309 343 713 243
432 481 824 183
368 419 440 971
421 240 634 1137
357 390 738 180
75 173 962 672
328 475 654 879
94 248 914 905
57 228 955 961
85 373 307 242
176 225 291 712
125 203 567 416
10 89 780 57
100 364 854 947
322 367 916 412
281 448 259 948
106 421 210 382
244 306 672 946
152 416 958 584
182 306 684 228
271 299 459 943
298 347 135 241
370 148 966 4809
161 348 844 475
319 346 236 778
113 323 560 959
362 417 288 486
376 465 529 769
82 319 247 926
162 250 571 440
385 454 13 760
151 465 188 808
224 288 158 979
40 313 272 832
48 223 467 679
352 396 760 834
215 339 322 119
269 270 983 3103
10 463 635 406
432 457 383 461
55 483 487 424
22 170 496 4599
134 322 809 241
65 390 167 782
99 348 650 856
361 452 268 13
277 299 348 518
293 90 950 3380
382 394 61 548
245 338 447 359
81 468 438 739
166 472 772 474
191 311 76 827
239 243 729 9906
362 349 802 6521
326 329 219 585
33 378 561 69
393 276 976 7701
17 56 686 287
130 311 295 996
220 464 721 637
43 440 13 276
186 238 564 1
253 384 599 965
301 319 257 279
36 107 550 346
117 279 962 876
100 177 303 163
384 147 909 7467
248 447 979 451
238 169 791 3661
84 473 238 184
90 160 955 2306
30 422 649 800
318 162 56 6423
145 270 198 366
234 496 252 644
169 469 316 610
179 252 642 676
330 448 951 657
35 42 979 989
80 273 44 830
158 180 936 221
258 281 706 292
53 87 485 332
401 477 143 835
449 253 690 502
67 306 965 391
43 253 907 60
223 388 853 347
220 440 803 47
47 345 73 240
87 419 829 528
144 148 969 414
387 95 390 6219
276 399 959 362
114 339 783 182
371 373 391 444
206 200 313 1754
273 394 398 307
285 331 902 429
326 435 568 571
310 471 371 418
76 474 623 870
193 74 295 5774
326 459 83 869
143 140 155 8018
392 407 363 497
193 197 543 652
255 438 99 80
230 274 5 826
169 266 323 746
169 282 15 639
345 404 923 753
91 188 125 396
269 332 594 632
416 466 931 830
114 396 99 789
87 346 746 284
249 479 184 98
32 389 299 464
144 205 852 282
11 404 753 223
1 3 602 571
76 238 827 423
289 293 820 632
48 93 606 470
414 493 472 902
362 490 723 11
397 206 511 3237
311 31 321 3071
6 111 921 819
361 436 511 373
79 292 666 247
304 430 606 455
295 447 179 937
178 328 15 442
145 457 64 498
215 413 399 3
56 5 957 1708
5 172 888 3551
56 334 664 84
292 420 800 160
406 496 975 287
4 168 430 353
451 317 568 7428
249 406 855 914
289 480 997 562
282 272 737 5018
148 267 973 584
209 486 77 678
233 328 513 834
131 168 670 2950
482 471 282 7913
70 146 962 922
151 351 219 202
19 265 355 215
205 213 923 601
92 145 436 438
354 444 248 989
28 457 556 478
36 58 561 811
172 456 203 365
13 70 890 405
202 430 408 897
142 159 987 892
324 389 2 284
156 264 123 405
97 489 629 271
84 172 801 143
207 310 348 419
21 94 479 663
379 389 363 995
238 428 847 538
196 281 655 504
263 348 198 672
311 316 591 732
260 384 810 186
265 297 453 987
260 270 658 72
396 426 784 604
32 259 888 371
123 450 756 928
317 397 201 50
64 114 349 720
74 78 614 343
390 481 739 12
76 181 852 413
197 460 619 657
240 99 319 8130
243 485 670 74
158 237 93 823
157 386 115 557
36 245 109 310
152 131 348 5873
64 195 840 878
25 346 839 568
337 376 426 2424
123 401 132 880
265 427 54 799
347 420 310 281
100
316 29856
164 29795
100 29594
89 29899
69 29780
148 29844
23 29563
448 29675
113 29914
492 5427
454 29798
217 29907
3 29773
312 29778
457 29659
55 29737
189 29588
318 29748
470 29543
397 29593
440 29963
0 29667
184 29485
338 29488
390 29916
402 29707
435 29521
394 29962
232 29845
429 29938
477 29630
116 29542
215 29847
5 29491
481 29838
468 29820
380 29554
319 29620
462 29934
367 29599
193 29501
15 29815
378 29672
274 29709
138 29696
188 29535
396 29692
72 29741
387 29872
469 29877
267 29953
119 29700
27 29864
264 29819
46 29734
249 29840
422 29704
431 29507
86 29500
366 29609
276 29871
355 29615
486 29735
7 29627
226 29653
244 29765
335 29968
337 29758
160 29677
75 29563
447 29627
261 29646
291 29946
381 29656
248 29520
432 29777
292 29584
336 29889
423 29509
180 29907
51 29777
118 29547
122 29837
235 29833
401 29838
124 29581
36 29825
24 29805
1 29629
197 29931
443 29938
294 29903
229 29801
219 29738
270 29756
391 29893
12 29497
132 29770
251 29599
135 29741
300
195 3429 4420
349 9497 7253
441 8260 7929
26 2377 6476
244 5254 9039
395 7474 7435
376 6843 6925
307 5045 6351
402 4532 2243
140 8224 66
57 5157 4737
473 5727 1158
214 6861 7337
280 75 3107
99 272 4460
27 7562 5230
326 8109 1661
52 7753 1475
68 6522 4069
21 269 7240
281 2573 7556
480 7070 9909
207 9615 6537
340 2718 189
444 7277 9793
329 2671 2941
370 1433 3893
439 2691 3907
377 9203 1160
194 6941 6165
227 2666 395
265 7110 9675
94 8560 9913
181 8306 6445
220 3588 4335
73 9201 5271
54 6759 621
191 5405 2751
254 839 534
481 985 1415
103 7766 4884
132 3894 5507
313 8635 8381
460 4469 4762
365 3710 448
255 1029 752
372 7319 8567
33 3636 9784
459 9913 1192
96 4394 31
469 9252 1594
10 9734 5221
421 2145 8061
31 3621 9684
168 4974 7903
424 9762 9388
90 6195 9823
15 5835 8772
260 7563 54
223 1706 7461
87 4608 9906
341 2595 5458
357 8189 904
387 2044 5975
49 5461 2293
301 1381 752
386 2094 9610
153 9999 2432
209 3485 4619
488 5565 9096
388 2812 6521
485 6355 6147
428 7693 9899
261 8034 7844
176 7942 7601
190 7557 8840
32 2436 1089
19 3461 279
61 5027 2424
85 5003 8322
115 3725 1293
250 8087 2227
287 8100 2364
294 3186 9635
306 865 2156
70 7511 8683
369 4324 9748
371 2484 1330
477 1673 9161
213 4242 3965
474 2401 4015
484 3302 121
81 5722 9555
367 2149 4009
248 8691 908
479 7363 1339
325 2404 3919
272 9190 5
105 4196 2828
118 799 1101
449 1960 1085
375 5846 5200
71 2305 561
171 2681 6306
111 3646 2037
218 5617 981
242 6467 2624
392 4749 636
463 3349 4704
173 9421 10000
197 5134 8898
189 3158 5959
92 4658 2777
373 8218 6782
489 4780 5078
416 6039 6653
201 5002 509
112 2738 1866
406 718 8936
438 3543 1311
127 2587 9508
471 8915 8961
162 427 6430
23 2450 7182
56 9431 9539
184 4886 4143
253 2740 9298
304 7292 1504
237 4433 5960
48 4054 8619
347 7875 2674
409 1601 2652
410 2544 5379
462 7921 9557
24 8333 1149
93 7931 4805
161 5742 189
89 9179 6805
228 4475 7310
77 8342 3750
225 8595 3393
383 5090 3097
467 5189 5782
20 3529 5728
219 9042 9685
330 4024 3464
251 4852 3361
344 154 1220
427 8303 4444
177 1582 5451
335 3718 5407
182 7573 141
483 1529 6101
46 4830 7447
116 3350 806
122 2216 70
145 8496 9319
212 7861 3022
64 556 3609
249 7130 460
30 8174 5432
323 5915 7975
360 3551 4266
401 752 4998
434 3534 9328
442 1669 4120
339 723 3547
178 7652 3903
39 3617 9939
338 1501 1666
413 5385 7554
28 2184 4588
445 1974 7528
302 9622 8024
436 7612 6268
276 1552 9709
308 8105 5067
482 928 4368
86 7358 461
1 9851 7982
273 27 8301
53 4897 2428
475 8821 5434
243 8677 7186
37 802 2501
238 3760 6203
75 1577 2998
205 1632 2767
443 2729 4318
151 4850 6860
328 9700 6585
101 9277 5123
72 7006 9696
289 27 6851
397 4846 632
492 6701 5265
4 3739 5857
231 7194 8395
368 3601 5882
3 5389 2118
172 391 4213
202 7721 890
399 671 2858
69 8401 337
358 697 5440
435 7473 518
204 3001 6037
354 6087 6228
381 5670 5318
317 99 7576
300 1413 6964
331 4878 3945
491 4396 1613
274 8929 1571
136 4727 1623
343 9342 5215
51 2973 180
206 604 326
146 4474 1425
389 9830 7431
8 8981 3354
453 4741 9363
396 6026 2595
164 7025 5207
66 1782 5060
6 2563 6961
17 6099 7868
318 1735 5529
356 6678 8148
446 8396 1158
216 9280 6241
117 5792 1285
97 7925 7310
79 2434 354
277 4550 1742
170 410 4465
393 9846 2056
166 119 8353
16 5425 3738
267 1282 8522
345 716 9901
414 1019 3465
461 3866 8646
448 1009 732
138 797 9509
293 3206 2930
408 2460 1527
465 188 5465
419 2362 1765
5 329 5179
129 9263 3578
149 4831 5538
252 3084 8529
7 3114 210
154 4848 85
350 1696 2637
264 4064 9407
12 7400 4725
22 2984 3901
180 9959 4138
40 5264 2844
374 5250 8517
380 8179 1229
76 9153 929
104 7331 2403
121 8409 8141
169 3765 7321
187 4860 344
193 3299 6598
11 3961 7836
2 3023 9517
286 3136 7747
288 284 4890
346 3218 9878
337 427 8834
420 2161 1846
256 4695 3161
291 4398 9785
447 1462 2131
198 9659 7937
476 2747 7042
108 8806 3143
493 5891 9388
430 8187 6423
150 2011 1845
312 1306 9544
36 3883 8913
106 740 2832
67 5559 7747
451 9131 1194
322 9724 3641
50 2143 6361
229 9397 9658
59 6529 6179
82 1209 6779
355 2234 9515
233 5245 6677
247 9068 4150
275 1201 6293
497 5317 2720
1972
